120
0 27 18 52 67 38 92 82 114 35 87 10 68 115 114 59 84 119 13 73 47 18 40 79 65 94 37 7 46 56 105 3 83 50 42 12 104 52 90 56 11 84 107 96 116 44 29 28 115 109 56 56 23 119 119 119 32 106 92 57 61 29 67 46 49 21 104 100 79 18 103 58 13 23 52 66 75 5 47 12 82 108 67 3 86 3 75 10 104 9 26 22 119 33 23 38 59 21 109 64 16 23 8 38 71 115 82 83 100 97 115 13 31 100 100 26 100 112 83 77
117 0 7 38 56 24 48 116 96 51 105 28 18 16 93 98 100 49 104 40 8 61 78 44 52 55 11 36 77 16 53 93 100 9 61 65 120 82 67 2 45 117 25 10 41 31 41 108 72 86 76 25 110 100 97 17 103 91 110 42 23 24 45 100 97 62 66 91 25 83 72 95 21 30 93 55 58 37 44 69 29 26 10 4 24 81 10 56 84 48 108 74 13 54 115 47 71 10 56 103 69 28 96 47 22 108 75 79 55 66 109 24 92 74 31 61 89 100 96 107
89 68 0 96 88 44 7 110 64 89 51 107 77 65 94 1 61 113 88 112 20 15 75 76 12 36 40 74 34 82 94 35 71 57 35 63 99 29 90 82 67 88 98 95 8 103 7 43 115 38 64 21 56 82 36 51 27 37 28 92 20 107 83 41 119 57 54 40 65 111 73 68 63 59 76 9 33 62 16 9 30 94 1 72 52 11 19 20 117 41 114 54 80 10 57 55 15 5 32 104 73 93 115 25 4 104 83 56 74 69 21 4 115 44 118 39 15 49 25 77
99 37 43 0 45 51 95 12 76 21 61 24 69 104 6 73 18 24 90 81 33 89 93 30 40 70 26 87 13 23 69 82 108 15 29 72 86 101 53 75 66 116 80 79 80 115 96 65 57 10 64 48 7 90 10 66 95 88 42 76 59 33 19 108 29 42 85 77 25 66 108 37 15 97 78 8 36 43 34 1 118 4 107 75 6 108 104 110 50 28 59 120 21 100 108 15 32 117 63 100 9 103 97 61 97 110 79 56 24 59 27 15 63 34 50 42 30 74 44 91
19 89 63 40 0 79 33 56 43 52 53 1 118 26 97 63 103 88 52 93 88 90 72 67 17 6 85 55 90 81 12 81 43 97 47 117 2 67 90 98 1 60 37 74 120 17 75 63 94 60 48 56 120 64 63 9 113 86 115 87 16 66 45 48 63 104 112 106 71 56 15 48 72 8 50 94 94 11 58 113 53 14 52 19 104 38 34 31 75 118 35 101 69 1 104 10 77 7 50 33 60 9 43 36 58 111 83 56 45 81 15 119 29 2 79 34 94 39 41 25
60 43 29 107 76 0 12 39 25 118 5 52 113 63 111 12 99 2 3 39 71 87 31 95 31 16 68 90 19 69 46 93 118 60 75 21 7 71 104 118 24 63 39 51 114 62 27 90 111 102 82 14 59 85 12 17 26 55 110 20 21 3 2 13 115 20 48 83 77 101 84 76 18 60 87 6 66 44 112 109 61 3 23 24 97 68 108 91 78 61 9 108 81 48 2 27 104 16 95 60 1 120 50 94 90 115 109 100 24 6 86 64 50 39 103 69 56 30 111 35
118 25 43 32 67 40 0 48 10 4 1 115 28 95 108 12 68 9 41 67 19 79 48 104 70 68 25 99 78 81 6 52 86 42 54 85 11 87 81 34 94 59 62 19 115 117 1 74 40 94 94 29 21 41 35 2 23 88 66 107 113 86 50 67 85 32 60 120 53 104 5 17 50 5 26 73 37 118 104 43 74 20 75 63 30 108 67 36 82 66 101 85 16 15 86 119 90 14 112 9 53 43 80 71 38 29 39 83 29 114 16 45 29 87 70 78 90 14 69 92
11 21 89 97 79 115 45 0 66 24 17 95 17 88 35 7 93 66 42 51 33 112 10 12 33 76 51 39 6 18 106 44 83 120 111 107 99 82 3 2 88 94 6 86 120 104 48 103 31 62 48 16 44 113 36 74 75 98 94 51 2 112 95 39 76 99 56 93 97 62 17 7 90 42 36 31 101 59 66 86 113 68 98 47 83 33 99 93 39 88 16 79 120 84 3 78 88 79 39 92 104 114 79 108 90 118 7 46 5 120 20 86 39 81 28 106 82 18 57 14
41 48 19 36 28 12 20 90 0 80 70 35 80 54 19 63 13 99 28 2 95 27 61 42 49 29 31 117 111 88 74 36 69 78 54 78 78 48 74 100 17 105 74 8 58 79 90 103 61 110 84 99 4 106 74 72 18 29 25 108 46 6 111 60 70 38 100 1 116 21 4 31 106 23 8 24 2 100 10 101 31 86 99 18 32 53 105 77 91 115 35 111 48 28 71 70 9 80 98 84 66 86 16 4 75 117 110 95 71 63 77 114 80 85 117 61 97 20 91 14
109 34 31 13 8 30 38 71 115 0 112 9 80 111 80 68 94 105 44 21 33 99 13 94 31 48 58 63 85 69 44 111 86 46 70 34 99 48 78 53 26 47 46 30 108 85 46 74 43 119 72 54 56 1 82 113 87 47 81 32 1 89 42 63 13 87 120 22 73 96 118 85 76 18 4 52 62 2 109 13 48 17 55 84 41 107 8 25 56 99 97 46 60 95 13 68 12 63 88 116 94 62 106 83 119 22 51 103 95 16 55 96 118 7 3 111 14 21 119 31
103 22 40 77 90 120 55 120 53 78 0 87 67 5 109 29 115 94 73 61 97 98 67 90 98 55 89 20 103 63 67 111 81 75 38 104 57 71 73 120 109 112 82 9 94 66 51 38 97 86 101 10 53 27 69 104 89 114 53 54 112 45 24 21 51 62 29 12 54 82 16 11 26 45 9 57 82 115 119 112 111 107 45 106 11 64 41 77 3 18 83 9 16 67 87 54 57 19 63 78 72 54 117 82 1 101 83 115 12 39 14 85 77 17 45 34 50 6 5 49
54 113 13 46 109 9 99 10 71 58 45 0 56 19 116 86 57 16 30 115 120 69 48 2 100 38 92 61 43 119 24 104 73 97 96 71 92 60 46 96 111 35 67 40 81 38 38 84 43 83 105 3 94 29 29 7 73 47 4 44 110 15 100 44 81 75 97 59 93 96 47 93 38 64 76 102 110 23 44 62 47 82 2 29 72 23 93 100 84 67 113 85 79 18 43 4 97 26 20 99 16 5 11 20 35 117 30 51 57 98 28 23 68 2 76 57 117 52 98 91
48 8 64 29 19 113 15 34 71 67 102 73 0 118 114 84 47 95 62 39 39 110 97 42 95 44 17 29 19 74 44 30 48 39 82 77 44 39 41 56 111 62 77 52 32 100 94 110 39 119 104 61 7 8 37 87 74 17 19 95 104 48 69 40 69 37 27 32 13 99 108 87 77 47 36 5 67 97 22 103 106 86 116 103 46 10 93 7 27 66 44 70 94 16 99 110 32 98 30 25 83 113 108 81 101 84 5 104 75 106 86 22 89 102 98 85 26 77 76 120
91 70 68 79 16 14 64 30 47 100 27 5 111 0 10 52 91 40 76 118 16 25 78 87 91 102 114 43 60 57 40 2 39 38 73 90 93 71 119 100 4 82 120 57 46 49 118 74 9 85 36 27 26 65 34 98 16 41 18 45 36 17 113 88 102 17 35 96 15 120 18 40 66 81 4 8 50 67 20 22 67 106 79 63 90 110 17 114 98 46 87 55 100 31 59 16 47 93 49 31 94 29 57 95 85 81 103 88 17 4 96 67 7 12 52 36 97 101 93 56
13 1 12 118 96 31 113 103 80 106 107 108 11 116 0 25 29 13 6 5 115 87 45 102 70 69 100 41 70 19 16 17 31 63 30 85 67 110 90 65 58 9 63 33 118 17 48 46 90 15 83 77 35 34 106 52 81 44 59 53 106 113 94 95 7 55 77 97 104 59 76 117 88 83 20 79 69 116 47 21 38 22 40 65 105 30 57 114 62 10 41 27 50 99 53 33 87 116 47 114 26 72 85 73 119 2 63 13 22 3 28 94 61 38 118 64 93 40 74 78
117 93 95 72 90 101 26 15 5 20 78 78 71 1 108 0 75 32 74 101 44 35 113 5 91 111 84 96 78 38 68 106 1 22 84 38 68 64 86 75 4 63 41 14 21 41 47 86 44 51 120 19 5 120 81 44 36 41 43 109 52 7 107 91 51 47 64 77 52 37 118 68 95 23 2 64 31 27 78 56 74 81 100 84 24 79 31 96 27 64 40 81 44 47 98 87 78 109 64 66 68 36 2 9 58 100 76 94 84 94 93 64 62 90 93 74 70 95 84 103
45 95 35 49 8 97 13 66 92 60 14 105 9 52 7 112 0 78 10 22 30 65 46 72 62 100 90 101 23 104 74 2 39 63 28 34 109 22 13 33 40 24 21 90 118 9 80 112 87 53 48 120 46 16 54 2 107 120 39 115 56 101 114 24 42 92 12 116 77 118 6 50 26 96 115 42 69 52 27 84 5 92 43 110 47 62 13 74 53 12 92 42 75 88 23 24 80 67 65 77 41 53 86 80 12 111 27 10 81 86 97 80 45 114 51 82 79 92 64 119
67 83 116 28 57 70 80 4 20 42 26 13 32 63 56 40 73 0 46 118 67 83 18 78 52 120 12 40 85 16 28 5 81 26 88 12 94 95 47 77 70 21 93 42 34 30 58 116 109 52 38 84 32 41 26 89 41 22 12 95 117 80 84 112 27 85 54 38 89 11 73 102 24 63 29 24 42 78 105 4 59 75 30 67 78 116 15 115 20 99 15 75 50 64 109 2 28 92 108 83 12 39 87 51 44 15 47 31 24 37 120 97 94 28 90 53 61 83 77 24
61 31 101 97 45 62 115 13 68 42 75 8 2 30 32 113 94 109 0 15 26 92 48 64 3 100 78 2 83 92 54 91 100 117 48 35 70 42 57 27 83 99 113 97 106 28 27 110 5 102 19 52 42 50 70 42 47 109 4 55 86 17 40 103 48 66 85 83 1 9 27 81 20 114 84 98 7 120 25 21 93 67 63 32 62 5 75 64 98 30 117 7 64 60 109 52 115 87 71 119 85 80 36 54 60 5 92 80 58 91 40 104 55 15 40 101 94 53 35 33
52 86 69 15 48 32 53 73 30 69 11 56 38 68 50 53 110 100 101 0 23 77 5 32 5 65 97 14 17 86 6 95 116 105 32 32 7 92 11 42 37 3 3 4 59 58 3 118 27 23 98 65 102 52 102 47 24 114 50 13 37 45 110 29 9 58 24 98 109 15 111 1 115 74 87 9 89 54 35 72 98 28 59 115 77 54 63 21 1 37 11 17 18 56 93 88 118 80 53 14 58 89 90 50 48 116 8 76 12 8 114 39 19 107 23 30 38 1 29 59
88 25 116 44 19 79 37 37 17 39 60 105 30 26 32 118 7 32 79 56 0 87 46 110 4 3 112 86 57 117 45 105 57 63 73 83 107 16 93 33 97 34 79 41 1 84 84 78 110 51 116 19 26 83 68 89 99 73 110 114 2 32 72 15 54 115 50 78 59 31 33 84 81 108 4 101 25 3 30 45 50 38 7 80 50 68 24 120 9 28 87 30 100 32 18 9 114 62 56 41 12 23 115 23 20 60 118 26 58 66 74 90 98 112 34 56 59 119 39 76
54 25 42 66 58 118 62 107 82 48 101 48 9 91 61 23 90 117 87 44 5 0 24 52 26 31 113 9 97 102 104 92 9 30 61 45 54 72 116 21 114 68 57 60 85 35 97 69 61 3 26 4 41 33 36 105 33 78 11 36 50 84 83 3 80 111 52 14 47 112 92 64 87 46 53 63 7 120 69 5 15 44 12 113 15 20 17 68 116 7 70 75 107 85 59 70 22 99 117 86 55 82 59 65 12 80 103 11 32 19 86 114 56 105 26 54 18 8 73 51
71 45 15 73 26 97 68 50 49 46 79 72 119 13 58 49 27 72 25 3 23 51 0 98 100 83 44 103 1 12 19 16 81 102 70 100 50 50 89 24 88 47 18 46 51 91 88 115 75 60 109 115 119 78 72 111 76 120 51 61 20 16 110 114 34 116 5 13 63 40 26 17 109 59 112 67 88 27 97 8 6 80 23 37 70 109 32 47 89 119 44 61 20 11 82 4 85 100 113 48 53 101 63 26 81 71 83 109 87 108 78 73 32 41 50 44 13 22 17 110
49 46 25 90 9 84 118 97 26 88 66 35 32 38 2 76 79 45 78 22 5 81 107 0 37 114 33 18 116 47 73 19 86 47 19 66 79 63 46 112 62 21 34 49 62 69 95 117 102 43 110 77 117 98 65 89 75 68 4 54 17 83 41 74 88 21 21 91 12 5 55 78 58 1 40 105 115 47 99 24 70 73 27 46 81 70 83 80 46 77 61 29 20 37 32 30 97 59 18 110 27 106 14 72 108 59 37 83 120 61 92 33 96 16 98 61 63 99 6 34
35 78 105 59 69 23 117 58 36 61 41 11 94 96 38 32 95 16 9 20 15 61 25 76 0 104 51 36 104 68 60 112 40 42 55 9 74 72 119 51 41 50 111 118 49 32 115 79 67 106 77 69 51 14 18 56 91 68 37 32 42 21 33 85 3 19 59 55 23 47 3 30 20 76 10 81 116 46 63 73 75 110 95 8 30 64 102 108 119 120 36 1 109 29 107 116 35 71 118 83 93 22 95 69 65 83 30 76 60 85 100 111 89 56 25 89 108 34 22 109
68 70 69 71 93 68 67 48 7 96 21 116 68 115 11 82 10 66 44 102 1 35 43 104 37 0 29 75 103 91 53 90 68 94 99 87 45 16 11 13 55 43 31 52 78 111 49 110 74 16 8 78 114 32 76 109 41 65 39 54 60 92 32 30 63 31 68 56 63 60 78 10 102 23 58 80 43 52 35 27 77 24 17 112 42 60 22 51 56 64 80 30 4 112 18 50 64 7 2 66 42 94 38 114 77 48 10 105 92 44 2 109 12 5 61 60 96 24 71 98
65 104 25 34 66 49 75 38 119 33 102 4 43 14 21 48 26 38 12 72 72 6 72 95 11 30 0 23 40 41 23 102 2 28 89 21 103 33 16 45 118 43 87 46 78 103 60 106 38 88 104 90 27 14 68 89 1 18 32 106 12 67 50 113 77 70 7 41 51 45 97 38 100 111 12 28 4 82 77 55 16 100 76 39 5 58 74 53 67 98 117 73 92 103 110 6 40 100 39 59 23 116 21 50 32 49 116 68 27 42 80 85 96 114 47 71 29 67 34 6
35 115 73 73 49 43 101 69 40 16 119 115 12 42 34 65 2 114 107 84 31 75 57 1 5 81 34 0 118 97 40 42 7 13 48 92 115 50 115 19 36 7 39 60 54 24 100 30 80 108 69 64 102 24 95 70 95 99 89 36 104 40 48 52 12 42 78 110 47 89 69 2 92 7 70 30 10 89 35 102 106 33 14 113 87 94 119 15 59 111 57 110 36 61 113 25 13 107 96 92 29 39 40 70 115 80 90 40 83 51 59 44 68 99 11 111 41 31 51 110
16 63 99 108 116 69 110 56 30 56 58 117 18 89 27 48 55 118 65 84 32 10 83 94 15 91 13 83 0 56 69 109 75 40 58 7 32 90 52 56 85 88 53 69 58 49 98 62 24 118 74 99 3 25 11 39 59 9 88 18 12 51 51 57 15 59 102 19 120 60 2 70 81 100 66 12 59 63 84 19 70 30 88 22 106 115 13 106 21 87 30 103 76 91 60 2 76 90 103 51 26 108 91 25 82 115 67 81 89 1 14 105 110 17 32 3 14 22 9 38
14 17 73 91 27 100 70 117 36 21 32 99 27 1 15 26 33 111 5 56 56 43 68 20 102 93 29 104 114 0 51 7 111 61 115 118 90 9 3 104 108 104 41 24 96 45 105 33 78 45 12 98 27 36 17 94 86 73 32 104 65 89 79 45 34 20 62 111 44 79 2 6 30 82 86 37 30 12 70 64 64 100 72 66 84 3 50 55 56 98 6 107 35 10 102 69 96 110 31 24 33 8 81 93 114 33 47 15 113 114 71 77 112 56 104 5 39 72 54 71
100 19 52 12 11 68 94 68 113 14 51 86 18 67 75 65 113 13 75 71 31 49 35 104 62 7 13 74 61 45 0 79 109 94 92 5 66 95 109 97 96 107 37 9 83 81 105 73 13 53 76 78 70 69 96 80 26 77 103 114 59 16 53 43 17 6 79 41 46 54 120 108 32 69 16 103 21 66 27 32 28 115 88 101 111 7 29 24 63 32 109 106 72 52 35 14 93 27 84 70 106 17 73 111 77 43 22 71 10 96 83 61 112 52 83 76 95 54 91 115
52 82 113 16 112 50 7 49 13 26 48 8 81 62 27 86 98 77 100 24 103 13 74 15 46 85 112 74 7 114 116 0 98 68 4 31 4 36 33 53 53 75 11 22 58 74 34 6 105 34 39 39 116 109 66 58 1 115 10 49 38 79 108 13 97 54 68 108 26 34 78 49 32 26 89 99 53 99 47 65 97 88 82 27 10 75 17 97 44 12 15 43 44 91 88 76 80 7 55 86 26 14 68 65 94 75 23 111 48 21 19 6 83 9 106 107 48 40 80 53
116 80 30 7 11 16 41 64 16 51 95 106 92 83 10 31 42 62 12 74 18 72 18 62 16 97 90 93 75 100 59 65 0 16 98 18 61 61 88 30 110 67 100 97 108 3 75 60 12 33 103 22 106 15 113 113 87 102 42 33 11 2 85 21 60 45 38 50 10 33 36 20 30 26 77 46 88 27 5 48 86 9 53 35 114 17 73 61 2 68 23 103 109 7 105 89 38 16 67 10 80 98 81 14 5 117 29 120 104 67 94 56 90 109 71 103 78 54 52 64
26 25 111 114 41 18 74 45 79 94 29 4 88 36 53 90 61 46 10 8 57 100 29 97 80 82 56 110 29 89 42 110 77 0 24 37 53 38 79 28 75 76 30 49 105 78 74 7 47 80 33 116 30 107 109 116 106 23 59 52 116 118 28 79 65 88 20 6 74 79 45 63 31 62 112 50 40 35 9 102 34 21 33 71 107 96 41 9 32 92 1 23 61 27 69 70 38 51 88 1 114 72 106 21 118 81 8 3 104 111 13 1 86 2 81 42 106 31 61 92
64 50 34 116 24 115 64 14 114 107 63 2 93 25 17 94 99 12 90 14 66 85 34 61 14 29 36 51 29 117 5 6 62 73 0 1 68 71 99 91 110 117 12 90 3 2 11 81 35 56 1 99 37 97 65 57 47 32 39 48 112 19 96 85 111 92 65 116 29 104 45 109 45 67 79 101 118 89 118 57 21 1 77 2 88 35 21 62 113 44 53 82 79 87 46 95 16 1 84 39 26 111 57 5 7 79 15 10 86 30 8 119 59 16 97 118 75 46 77 81
18 58 8 37 70 1 26 45 84 36 67 63 109 90 75 16 44 85 69 22 63 35 55 99 107 84 16 15 10 82 16 70 111 40 49 0 53 3 114 81 41 13 108 17 84 30 120 53 1 89 24 93 70 84 31 24 29 91 82 43 103 105 44 27 82 61 53 113 51 49 82 76 120 40 81 57 15 44 22 104 28 94 106 40 92 89 5 25 3 81 85 18 25 63 51 63 84 91 82 44 70 4 35 81 35 116 77 59 8 112 94 22 105 8 86 20 67 105 18 64
17 15 118 3 29 47 110 95 79 52 51 112 102 84 19 19 18 118 3 38 9 59 68 76 91 56 10 115 93 99 41 5 13 5 96 17 0 15 4 52 21 76 37 26 67 6 78 118 111 3 16 64 4 1 20 64 9 10 37 16 73 46 78 89 75 30 16 106 35 94 80 48 99 117 54 41 53 36 20 55 51 69 43 15 97 70 54 48 117 34 21 83 83 79 89 70 79 65 60 58 14 83 55 82 75 118 105 73 90 27 27 100 9 83 38 6 30 36 62 94
93 25 82 102 43 105 66 104 117 75 78 5 39 16 39 2 74 78 72 106 44 119 89 119 102 88 19 32 95 34 17 17 76 90 100 33 102 0 72 118 74 17 61 43 41 74 84 90 101 28 8 17 118 66 94 103 108 7 13 35 19 84 93 82 38 86 10 48 8 32 88 36 35 58 120 71 32 115 28 101 3 81 70 103 18 42 102 57 116 108 74 57 44 28 40 45 47 85 116 83 63 21 39 120 70 88 44 43 77 7 68 101 114 88 23 79 85 39 71 16
71 8 117 1 94 54 95 21 55 64 7 99 60 10 81 90 42 101 35 99 65 68 17 87 10 104 91 113 41 63 111 31 56 39 61 71 39 41 0 56 64 60 62 115 12 4 39 86 53 80 39 67 112 2 85 107 55 45 102 43 63 102 35 33 100 27 56 69 27 56 66 72 117 25 117 87 12 38 42 13 11 34 34 33 82 106 104 112 60 65 56 68 37 98 52 104 106 4 25 81 39 43 67 75 18 82 2 2 86 86 22 57 54 10 69 54 26 94 97 10
113 104 93 47 112 92 63 4 88 39 51 92 86 34 76 58 58 84 37 58 47 83 27 49 77 80 68 7 66 3 98 48 19 7 34 54 61 68 74 0 102 95 32 109 83 38 21 110 47 6 27 9 14 99 91 117 53 33 68 36 64 30 52 40 61 29 47 34 7 17 17 108 65 28 102 79 39 29 108 27 98 43 89 85 98 70 33 83 20 58 104 95 10 110 106 37 13 62 78 65 30 38 23 86 92 97 65 81 7 23 119 101 110 53 38 88 88 64 99 16
3 20 67 8 120 64 55 91 67 90 67 85 51 4 97 117 65 43 32 95 33 92 55 66 95 120 100 27 90 6 88 21 116 27 3 72 53 91 17 85 0 66 89 19 11 118 102 97 62 31 70 13 31 118 90 47 26 58 103 91 106 42 89 58 38 40 88 62 37 112 20 30 49 19 117 102 106 52 95 74 66 9 75 67 97 48 115 91 87 39 63 90 17 2 67 40 68 49 32 20 116 107 91 76 101 54 25 10 83 44 25 29 88 9 23 82 40 72 12 37
93 26 19 116 95 59 115 61 70 16 45 46 79 107 34 49 34 43 15 50 57 68 103 12 78 81 27 75 15 7 110 47 104 28 117 76 90 73 69 65 107 0 114 43 21 85 115 111 87 74 53 37 64 90 10 99 49 52 95 118 34 75 67 10 48 11 113 35 73 108 17 49 60 73 57 70 34 5 79 17 107 120 46 51 72 64 22 37 14 55 62 39 73 15 109 2 51 50 58 16 99 89 65 76 37 24 36 33 50 89 101 68 113 8 118 19 71 3 93 110
33 98 34 106 107 12 49 14 87 61 100 90 5 34 18 38 5 45 93 16 44 40 42 48 97 82 41 62 65 37 112 81 82 101 116 61 6 96 117 20 14 117 0 94 105 76 40 23 44 53 96 47 31 36 51 34 93 67 47 101 49 88 94 12 54 97 114 13 7 25 35 36 24 6 26 61 52 19 52 4 1 110 82 105 87 100 53 83 102 107 83 61 1 96 73 7 92 106 95 41 24 100 101 67 37 53 110 3 79 9 4 60 68 4 59 57 118 71 50 92
46 66 11 32 81 76 62 11 38 67 32 76 47 84 68 30 54 74 1 10 112 22 87 114 52 97 69 110 95 38 46 66 88 78 3 6 71 74 118 83 31 37 43 0 15 103 102 97 76 90 66 91 110 22 2 98 82 33 20 90 116 65 52 119 105 70 36 95 111 98 74 49 75 59 36 31 104 58 14 72 83 83 60 81 11 73 40 25 120 106 3 110 73 53 24 20 95 112 18 113 69 54 102 10 63 35 83 69 8 118 20 31 117 40 74 80 27 56 40 4
74 13 99 11 21 23 34 81 88 109 19 104 95 100 73 53 97 61 52 37 78 81 3 120 70 43 22 91 59 33 13 81 103 4 28 119 63 16 17 112 12 70 10 64 0 60 108 110 1 35 62 107 106 64 49 42 104 93 65 113 63 112 21 84 19 51 102 65 43 8 1 77 62 97 22 102 35 28 5 7 63 82 54 103 109 50 85 78 74 76 75 93 55 76 113 50 19 17 100 103 100 30 27 108 109 92 81 86 5 4 40 64 20 36 101 65 52 81 70 91
52 24 12 51 117 25 20 4 85 117 81 112 108 31 50 98 119 15 116 42 90 35 95 117 110 108 48 102 12 23 42 66 109 60 18 104 73 69 27 26 55 105 46 21 117 0 22 86 93 57 50 108 34 48 19 118 77 65 107 96 42 79 105 52 48 34 28 41 66 87 14 15 57 70 49 42 107 40 15 18 60 86 113 108 67 40 8 84 92 70 78 81 40 26 45 53 43 119 88 51 86 74 20 6 3 51 21 117 77 45 15 26 105 57 117 71 86 107 44 43
86 67 88 87 60 1 114 79 42 95 20 21 83 92 97 10 111 49 109 53 88 86 32 74 92 112 120 66 115 95 1 3 90 8 31 1 22 11 29 100 70 80 25 55 93 4 0 80 63 4 11 47 108 58 33 71 71 94 49 76 120 63 37 44 11 51 112 42 17 2 113 97 111 56 116 103 33 99 57 50 35 49 84 77 42 32 67 54 23 75 94 54 112 118 118 118 3 116 92 58 118 71 97 96 104 83 22 93 98 93 88 113 74 47 106 51 59 111 11 36
55 9 40 68 88 118 110 29 39 66 112 22 73 86 47 35 69 35 6 74 107 120 21 36 16 74 12 72 39 32 59 71 100 58 75 13 83 52 76 94 42 4 55 88 16 75 49 0 3 58 1 56 5 38 74 54 71 98 113 80 75 1 54 35 46 60 67 2 77 33 1 88 103 32 48 36 13 21 72 100 7 87 20 95 71 26 87 13 94 60 96 100 91 117 74 13 6 5 43 92 87 6 45 67 119 38 115 48 113 110 75 49 26 14 45 96 58 21 26 54
38 107 21 42 30 69 63 12 65 88 110 12 73 11 21 1 100 26 1 65 74 57 114 22 30 30 64 35 112 54 101 50 42 25 71 33 46 112 29 48 104 119 111 7 11 31 55 37 0 81 1 91 14 88 101 13 71 72 97 74 46 56 90 31 43 120 73 119 39 39 70 70 54 28 47 86 40 118 104 95 49 37 20 11 29 57 114 45 111 20 6 23 41 10 51 99 44 12 12 105 77 120 33 5 48 111 119 67 47 10 86 71 59 23 11 53 22 9 10 50
94 66 90 35 94 66 98 56 73 31 60 8 66 9 27 37 1 108 94 84 11 42 31 9 17 78 109 42 101 65 80 49 111 115 116 36 5 86 90 99 10 42 79 76 107 18 8 116 34 0 76 54 67 16 88 2 76 91 58 105 31 57 104 70 104 65 64 94 72 73 48 38 119 34 9 115 79 64 73 35 14 2 82 57 26 33 82 78 6 87 8 50 89 92 9 30 65 65 33 49 80 113 120 19 110 70 109 42 97 106 51 118 46 9 101 47 96 38 55 119
37 81 81 78 69 46 34 76 4 116 67 66 93 110 41 80 62 115 27 21 2 3 89 14 78 38 69 86 2 20 68 29 101 27 113 27 107 68 53 22 85 104 29 33 82 41 67 116 73 88 0 31 107 8 103 57 82 81 69 64 19 52 43 58 41 49 118 40 54 119 5 114 62 65 3 12 42 54 5 15 48 100 104 84 45 68 45 96 89 101 97 61 21 92 62 69 42 4 120 92 77 20 5 94 12 26 84 35 39 115 71 116 87 102 35 96 59 43 104 86
31 38 81 9 102 37 101 56 80 104 119 29 45 85 21 81 61 46 61 89 53 16 7 31 98 42 40 43 61 113 27 81 52 6 81 97 22 111 35 73 34 70 53 8 26 22 81 61 72 47 16 0 65 116 88 91 26 89 114 77 22 29 119 82 78 39 36 84 32 114 42 103 114 2 74 104 76 15 60 55 108 32 105 64 38 78 47 29 30 108 3 7 7 87 27 26 45 52 102 51 23 61 116 23 48 30 91 111 118 50 41 7 28 32 31 29 28 10 113 63
33 11 75 46 14 87 102 44 49 86 55 111 48 26 36 57 40 82 44 11 114 98 27 29 17 52 42 63 89 78 50 29 78 46 61 33 32 104 104 6 87 88 65 32 48 15 16 67 26 21 14 45 0 72 36 110 118 31 110 43 50 119 48 48 5 98 37 13 62 104 82 96 113 95 94 100 50 86 104 83 32 45 117 9 40 33 12 47 31 67 75 50 106 22 66 27 30 24 46 28 30 110 60 7 12 23 110 18 19 120 60 25 35 4 107 58 80 43 43 4
92 49 81 82 17 95 43 12 114 34 85 7 46 55 2 82 59 25 23 28 96 110 107 7 59 109 76 64 11 21 75 72 63 65 94 30 84 113 45 117 77 6 35 30 113 45 91 8 17 25 4 35 50 0 6 74 82 34 8 86 60 2 71 101 64 11 73 10 66 71 25 103 106 60 104 11 118 3 61 83 96 95 29 96 34 63 66 30 8 119 87 2 25 16 1 45 64 8 33 65 57 21 19 102 105 102 5 80 6 99 111 62 33 37 89 48 19 35 106 14
28 90 105 43 14 99 73 33 108 81 81 93 105 116 66 87 87 88 43 98 49 114 96 100 3 65 31 101 23 90 50 49 28 8 113 71 16 104 80 30 64 27 62 106 46 14 56 113 58 73 108 110 58 66 0 73 31 113 44 37 33 113 47 37 76 100 109 52 8 73 70 8 21 20 13 41 97 101 117 2 109 95 91 75 65 19 100 76 8 17 36 14 3 79 43 87 75 30 19 99 101 33 60 17 91 18 108 77 118 32 73 32 3 73 40 80 99 56 11 63
70 109 32 64 99 23 29 57 84 63 102 16 99 58 119 47 95 37 57 18 114 64 46 23 111 51 7 47 37 100 86 15 40 36 100 84 82 35 90 13 109 31 70 110 2 61 69 34 65 25 14 35 102 100 32 0 12 51 42 69 117 11 41 97 68 45 64 64 100 85 14 47 54 73 112 12 63 22 63 70 41 88 98 111 23 5 100 52 101 36 47 82 72 20 66 73 18 90 43 104 97 85 94 104 6 37 102 118 51 25 11 23 85 97 45 12 74 16 11 77
54 113 114 112 53 71 27 23 5 111 94 76 30 91 26 107 70 42 112 61 36 47 16 20 99 111 23 65 51 44 113 84 2 50 70 60 67 82 90 20 45 52 94 52 2 69 103 22 117 35 70 92 97 1 67 89 0 84 115 22 62 1 60 66 91 15 66 87 67 94 88 49 60 85 55 58 86 28 105 117 67 80 37 66 90 119 104 74 16 95 107 50 79 32 33 39 106 99 4 108 8 38 115 75 115 74 119 7 1 54 61 73 66 43 37 13 68 80 102 108
41 57 48 19 66 79 46 58 69 48 43 24 100 18 10 60 30 43 113 67 67 20 25 20 89 118 105 32 80 81 119 101 26 109 58 54 90 56 95 27 53 38 93 92 58 21 27 74 89 117 14 21 70 15 73 36 102 0 75 10 34 101 9 79 6 22 41 119 23 46 11 105 86 97 10 80 101 74 31 74 43 16 86 44 3 120 67 57 72 3 30 32 72 73 104 51 8 83 63 13 19 10 1 67 94 109 7 87 2 53 32 58 97 98 80 12 80 70 108 80
70 33 1 12 96 2 81 3 49 107 32 8 110 106 26 4 73 50 21 17 34 3 72 40 118 41 20 99 110 81 117 11 4 43 57 111 12 48 109 101 19 105 53 16 6 12 45 72 57 39 48 28 109 2 68 76 96 103 0 108 57 101 106 112 9 72 102 108 19 78 58 72 36 60 12 32 53 91 10 45 66 35 92 21 50 70 95 16 114 45 53 94 33 18 83 34 60 90 77 97 54 84 102 5 98 39 102 100 9 19 34 7 80 116 72 23 47 118 80 91
25 51 34 61 49 74 37 77 63 53 104 12 47 17 50 24 101 30 90 98 1 59 116 119 74 30 117 28 82 82 47 101 38 95 104 65 8 40 89 43 97 58 60 98 119 114 99 36 63 115 112 16 97 6 64 39 94 32 43 0 42 72 101 85 56 96 37 35 86 107 15 36 31 38 7 40 62 99 81 42 70 14 80 48 56 30 34 7 4 4 67 48 52 47 25 53 100 103 29 11 83 21 9 32 90 88 47 107 51 119 80 108 108 48 94 60 94 63 83 14
39 62 78 92 116 83 117 1 11 46 63 104 53 14 115 95 5 113 39 76 105 102 72 68 29 46 80 101 64 50 83 1 70 58 70 24 2 3 107 6 35 111 29 20 69 17 42 79 48 73 43 47 7 21 107 17 35 100 45 115 0 115 116 51 43 74 47 112 78 15 36 111 45 117 15 13 61 55 107 59 83 36 110 78 55 70 9 41 31 99 120 99 54 91 119 64 27 107 22 22 50 110 115 25 73 108 87 84 24 82 46 55 50 29 61 26 43 40 49 17
10 100 47 114 67 15 107 40 51 53 76 43 24 76 7 49 45 56 45 106 90 55 41 44 112 87 46 41 116 98 37 78 55 120 59 78 107 37 89 33 15 56 64 69 95 62 69 22 119 110 6 15 40 28 17 7 28 13 24 86 106 0 64 89 70 94 58 50 76 69 28 36 54 11 40 97 27 71 51 24 120 45 9 51 117 112 34 118 117 30 89 75 95 92 69 53 91 73 44 91 102 33 91 76 29 57 94 21 59 102 11 74 106 65 64 6 92 104 81 113
21 48 46 67 53 93 29 53 59 95 88 79 38 16 108 21 108 97 20 73 115 25 39 5 61 22 4 70 90 102 71 8 72 3 116 8 32 117 53 119 71 26 65 60 76 74 97 73 77 93 90 113 65 117 40 101 48 68 56 94 82 78 0 18 55 14 80 79 47 117 1 9 103 98 37 72 20 89 47 105 84 95 27 64 23 87 120 92 59 34 63 1 26 73 64 75 92 61 56 37 73 30 104 48 46 97 71 82 71 27 22 83 55 46 17 92 97 89 46 107
29 115 100 71 94 120 91 93 48 28 69 6 25 105 97 66 79 14 21 30 69 96 2 67 106 32 68 36 89 98 40 64 53 42 43 31 59 85 118 66 95 108 60 27 56 49 39 113 103 107 36 77 31 96 11 101 3 104 24 81 36 24 28 0 46 35 89 13 33 102 71 18 4 110 67 23 86 69 69 68 115 70 93 39 84 7 99 43 31 97 117 86 59 40 46 60 57 48 14 47 58 53 89 72 65 74 93 113 65 100 28 8 74 5 47 101 82 49 36 83
96 93 41 32 55 86 20 33 101 64 39 103 32 44 100 99 36 20 104 34 47 32 114 38 47 30 31 37 84 53 64 100 59 82 114 30 36 34 62 79 20 76 69 98 33 63 82 13 113 39 69 80 16 30 5 119 10 95 68 71 44 97 53 34 0 96 116 34 16 67 4 109 108 94 36 16 91 106 54 58 27 57 52 101 7 87 43 104 36 47 79 65 72 37 75 3 39 118 113 75 52 45 53 103 18 86 88 94 93 18 53 89 49 27 76 49 73 28 41 87
76 76 63 16 43 83 75 81 45 119 60 119 114 39 46 79 61 12 46 41 97 102 40 107 99 24 90 57 57 31 82 68 57 12 43 7 85 43 117 94 23 18 11 41 47 61 77 116 72 14 31 91 71 33 74 78 55 52 90 21 53 51 50 62 49 0 68 7 3 54 24 48 106 117 101 24 20 16 31 110 58 67 79 66 88 33 39 70 48 20 33 64 18 75 58 5 93 55 15 42 9 120 104 105 19 16 17 114 30 3 120 49 65 2 64 38 15 50 27 63
5 24 4 85 117 39 22 7 35 9 76 57 70 45 56 20 35 20 38 25 24 97 20 21 34 76 42 1 90 55 22 83 14 76 58 102 83 59 77 21 114 37 53 2 33 87 71 80 88 28 18 45 3 19 64 16 33 22 72 39 102 37 76 99 15 15 0 12 26 89 99 68 33 68 43 66 50 63 3 103 112 74 2 78 70 11 84 38 4 36 96 44 13 118 72 68 88 116 113 80 119 25 70 60 109 42 57 46 95 26 112 6 69 67 115 84 69 79 81 108
49 40 54 99 82 2 50 33 44 119 111 106 87 111 93 60 106 52 36 80 112 54 15 92 41 24 120 8 7 5 111 81 103 70 93 103 71 12 34 75 71 45 22 93 86 67 24 43 21 49 43 70 58 101 98 65 6 120 111 33 97 113 46 91 76 1 47 0 7 9 23 61 62 31 61 9 41 93 84 98 111 63 32 37 77 38 88 36 62 62 29 50 103 52 23 85 62 82 35 101 105 8 59 24 43 25 22 87 8 59 32 63 86 94 35 49 17 19 73 14
56 57 9 25 34 15 28 120 114 53 34 111 11 39 11 37 112 109 24 17 7 93 119 69 106 80 76 107 100 19 48 11 10 1 49 2 30 67 80 56 36 52 2 67 116 103 68 82 58 84 33 33 71 90 38 28 107 69 50 6 49 37 62 62 84 111 85 41 0 26 90 116 74 74 70 10 28 73 26 111 17 9 35 116 115 63 104 53 10 118 96 47 9 94 77 66 115 59 84 44 3 57 118 38 7 35 91 63 90 19 25 93 67 108 109 10 38 34 47 89
59 63 78 90 60 52 42 50 97 76 120 39 109 27 119 96 111 67 55 107 93 99 87 18 22 19 116 23 61 9 22 87 50 25 112 3 50 21 92 32 76 67 62 99 55 97 58 96 40 107 8 49 87 106 3 22 52 57 85 15 100 109 61 52 84 87 49 49 92 0 47 24 69 114 21 82 90 72 12 64 91 11 36 10 10 12 2 13 74 76 100 115 14 54 70 114 76 26 61 77 10 40 107 21 7 53 119 83 36 42 84 38 84 34 9 69 76 35 72 102
11 39 68 90 63 36 4 29 100 94 55 32 3 63 91 98 10 59 35 83 84 11 92 91 24 80 67 69 38 18 103 10 14 40 117 7 94 27 20 23 101 120 43 39 8 86 103 30 8 33 7 3 14 116 114 79 2 116 65 63 23 34 14 79 72 12 101 3 80 79 0 5 76 69 32 8 43 114 6 65 75 89 74 115 16 76 99 7 36 42 54 2 115 55 36 78 73 102 68 11 40 3 4 21 81 56 115 1 66 80 42 118 46 18 32 82 83 19 87 8
4 68 68 43 114 26 99 110 95 39 8 99 39 115 80 52 103 15 12 107 104 15 111 58 88 24 41 23 12 2 106 19 62 73 64 3 45 95 76 67 78 48 39 46 80 110 117 11 13 35 64 47 112 8 112 10 88 100 113 120 117 33 99 4 61 92 45 3 120 84 25 0 12 57 1 1 37 89 25 36 107 54 90 6 97 65 113 120 90 92 1 75 76 58 105 93 56 30 46 17 9 30 20 57 9 4 1 49 36 33 67 112 71 48 56 74 106 65 50 86
80 44 82 25 18 113 65 75 59 75 101 44 62 119 112 68 82 16 15 49 78 52 120 91 36 84 51 55 69 111 2 71 102 68 9 53 11 82 49 14 77 32 65 32 20 81 27 102 30 114 50 49 60 115 32 83 90 117 21 58 103 85 50 21 95 20 60 3 67 4 44 25 0 119 27 33 5 22 85 90 77 34 92 91 66 108 76 16 91 78 95 8 103 67 35 87 56 93 63 105 55 42 33 45 13 39 63 40 119 64 70 112 26 52 2 5 45 70 82 70
42 43 109 53 4 107 4 103 84 68 71 5 65 113 111 105 101 7 119 117 97 67 67 90 120 47 10 19 16 20 23 23 64 103 77 84 13 103 1 76 51 35 96 56 79 20 18 72 85 31 28 66 111 74 20 25 98 86 75 55 92 91 54 80 31 110 24 49 103 28 27 108 74 0 30 60 55 48 110 99 90 92 64 29 88 54 100 116 115 8 3 50 103 91 87 23 78 84 61 67 88 67 88 79 5 48 22 40 29 107 110 10 6 40 40 24 45 12 29 18
6 87 13 5 60 18 102 88 56 99 38 36 49 61 71 86 23 110 67 7 99 118 107 48 7 114 100 91 84 52 15 97 75 111 52 31 109 47 105 18 49 89 40 3 2 116 11 8 30 39 81 99 22 5 31 39 70 33 112 20 93 95 91 18 88 17 96 94 111 118 7 59 111 57 0 10 113 25 55 64 86 115 83 20 8 44 7 14 60 22 45 113 52 46 118 7 73 53 2 33 71 111 92 50 13 63 46 20 119 51 89 63 118 104 58 16 104 3 107 93
37 109 20 65 45 27 79 55 89 48 101 67 119 99 36 37 69 3 68 48 29 84 107 68 49 84 114 100 57 102 57 43 29 26 64 41 72 27 41 27 78 56 46 80 39 68 108 35 91 25 52 114 44 80 68 21 89 103 17 76 1 38 92 89 34 90 69 71 119 92 53 84 48 87 90 0 81 101 96 16 46 20 26 94 105 56 104 87 52 10 25 89 93 72 11 48 108 110 118 29 26 91 18 71 98 56 63 107 83 75 62 7 103 98 22 100 49 17 102 104
112 45 7 86 3 80 20 52 30 44 38 83 120 5 33 97 58 33 27 95 3 81 86 77 99 4 85 50 62 87 101 59 84 71 59 20 118 30 112 4 70 106 118 41 19 71 86 80 60 60 88 2 19 28 83 77 75 106 117 87 81 81 67 66 91 62 59 28 55 21 102 67 115 63 14 106 0 59 73 15 24 108 16 8 9 41 101 75 49 80 14 54 79 59 104 108 21 44 117 1 76 47 24 1 29 1 103 8 14 64 35 39 67 24 99 114 2 96 85 9
76 40 75 98 42 62 52 115 18 42 86 27 6 46 87 22 84 54 116 115 76 54 20 98 16 32 58 102 47 18 75 86 51 45 91 72 61 103 59 93 100 39 48 22 35 51 80 8 45 47 69 104 44 49 12 26 74 28 27 24 55 100 119 23 50 73 23 97 66 36 113 57 66 107 100 59 84 0 101 9 91 80 26 84 35 49 77 80 74 117 33 18 22 63 86 78 41 46 86 9 1 82 78 1 17 34 70 105 9 24 9 50 86 30 91 38 37 57 97 69
107 101 40 84 17 51 56 9 95 102 96 18 9 89 24 31 76 13 111 14 63 50 28 77 115 71 14 26 13 41 97 99 33 38 7 26 69 70 61 87 115 10 98 30 92 26 110 81 36 84 82 12 86 17 46 29 9 9 112 15 71 7 49 56 67 57 119 31 8 31 85 62 9 19 104 114 21 87 0 37 21 60 77 92 103 18 62 85 100 36 108 113 20 19 109 56 45 90 110 14 87 104 63 94 109 9 118 48 59 87 31 102 2 4 80 41 78 45 72 115
102 31 78 6 46 69 64 34 101 17 73 77 96 52 68 2 24 115 31 55 58 56 114 66 24 74 85 39 32 103 14 66 41 104 106 47 94 53 10 1 118 114 2 35 52 80 61 105 18 81 41 12 12 82 40 120 26 78 112 99 106 35 20 115 41 111 10 105 69 117 42 16 98 84 1 63 103 52 11 0 9 37 104 45 92 69 60 83 1 57 41 56 55 61 37 6 62 54 78 90 82 74 65 18 58 50 92 94 20 61 100 69 3 81 96 110 113 75 15 85
78 23 6 55 110 27 84 20 103 16 2 105 119 12 110 76 82 83 7 65 118 68 23 7 34 28 42 59 66 62 23 78 39 120 87 107 38 48 119 72 62 59 92 91 53 87 62 47 59 73 96 49 101 52 23 92 100 55 5 118 43 84 98 110 75 106 64 78 83 5 75 60 88 77 25 106 107 110 113 95 0 22 70 32 36 47 14 32 110 69 32 42 77 85 24 30 3 35 70 4 41 56 31 3 33 118 57 56 108 14 73 62 63 53 46 74 37 69 90 63
67 18 19 90 72 42 94 4 112 90 11 43 2 20 55 45 5 53 28 95 62 74 113 23 49 9 8 109 18 91 107 33 82 119 96 55 102 120 20 71 62 19 28 5 54 7 49 26 91 57 114 34 98 106 118 66 80 21 43 61 84 15 107 68 70 103 53 53 14 114 65 88 114 100 20 35 86 110 54 24 102 0 5 28 90 22 25 118 79 78 101 22 89 49 83 99 104 28 25 97 94 8 25 8 23 18 90 116 91 64 92 25 105 28 77 51 39 48 43 112
65 85 56 16 30 19 93 93 68 1 53 115 30 12 17 18 62 9 70 15 41 42 19 1 6 119 120 43 38 108 36 84 75 114 85 6 89 102 80 56 6 19 112 109 22 8 38 22 82 48 75 66 35 20 92 23 107 112 73 27 4 109 16 88 78 93 97 10 90 108 57 103 36 1 17 2 111 89 95 88 84 5 0 54 29 37 80 45 53 30 40 36 9 20 3 22 115 93 93 47 64 97 93 108 37 29 45 96 108 33 31 68 34 80 2 114 70 74 77 3
97 100 114 26 73 23 44 53 19 38 27 50 67 48 27 64 98 44 107 72 50 120 49 71 93 103 37 3 107 105 80 96 117 102 81 109 20 20 10 76 26 109 89 39 3 68 71 94 39 71 94 120 11 20 89 16 90 12 99 98 41 68 111 71 39 74 35 5 22 120 22 118 93 88 114 30 19 65 74 101 108 101 68 0 81 50 107 82 66 88 101 91 71 41 18 7 75 3 9 71 44 83 55 78 30 59 38 33 69 12 72 91 90 71 46 73 112 101 77 119
113 114 112 35 90 15 119 63 34 106 76 60 54 73 94 32 57 24 41 84 5 43 86 117 74 82 12 3 38 103 18 109 114 118 37 73 2 6 36 51 113 40 1 10 78 19 4 85 33 11 18 29 8 88 75 29 22 72 68 43 101 101 4 92 86 11 28 25 5 5 7 87 79 110 114 64 41 22 52 78 84 60 68 15 0 104 46 39 60 73 25 58 78 83 29 42 21 40 26 81 2 42 93 36 6 39 36 86 17 106 109 45 14 79 29 64 89 85 69 119
46 9 120 27 29 93 35 91 108 17 98 6 104 54 117 101 20 84 34 77 74 107 7 10 10 71 93 79 66 60 94 58 97 42 30 64 8 99 33 73 98 70 96 69 40 86 117 83 7 20 97 3 85 120 22 8 69 87 45 104 9 111 77 100 45 25 118 76 64 103 23 83 23 110 86 58 111 79 22 11 39 61 114 35 4 0 112 67 23 42 24 88 89 20 56 111 62 27 13 117 54 106 41 117 112 117 56 51 77 48 74 103 100 77 28 75 40 115 119 93
91 114 61 108 89 105 61 103 120 1 41 90 44 21 26 52 88 48 35 22 69 78 107 100 56 49 7 76 49 82 56 110 20 75 109 30 73 14 77 32 57 96 52 7 23 67 61 68 102 38 55 25 107 75 24 21 108 22 22 94 106 90 28 100 100 62 74 22 96 86 90 91 18 15 70 81 120 65 86 104 66 81 84 76 102 78 0 58 44 98 15 3 80 80 84 112 12 27 20 70 51 16 116 82 43 24 17 4 101 98 47 25 21 106 59 104 18 19 26 73
79 82 115 107 116 106 96 6 111 62 39 65 113 1 116 40 57 92 17 10 103 43 101 45 105 41 119 66 79 98 12 106 23 85 109 60 28 66 66 44 89 4 115 49 60 73 22 64 100 28 52 36 103 84 113 30 86 61 57 29 115 16 36 67 45 94 9 11 61 25 94 82 99 37 85 22 33 49 83 75 55 109 104 52 8 86 37 0 18 57 86 69 109 31 27 31 42 9 18 24 77 23 32 117 101 64 85 91 72 8 8 9 21 56 114 42 2 23 92 61
76 96 13 85 74 10 3 101 88 72 30 116 13 107 118 116 50 49 27 18 117 48 30 30 8 30 98 80 75 21 28 66 72 94 58 100 63 36 110 13 61 101 25 19 105 67 75 73 5 41 8 4 46 78 32 48 14 92 44 64 111 101 85 74 87 64 62 119 119 85 58 14 48 79 20 18 5 108 45 110 97 69 107 54 91 94 73 64 0 1 106 42 5 86 75 57 96 58 27 92 77 66 22 101 8 70 30 88 54 79 30 6 26 99 95 88 116 93 40 15
77 1 1 82 79 113 66 97 62 22 73 23 78 102 103 25 17 63 54 61 86 89 1 117 42 36 66 89 47 14 76 80 104 90 30 89 27 23 69 95 80 87 30 101 106 78 87 21 36 38 65 61 91 48 54 4 69 35 3 72 24 118 107 23 50 1 42 103 115 44 2 50 24 90 67 4 18 70 73 15 14 81 92 85 6 24 40 20 96 0 9 90 100 37 119 36 29 28 81 118 2 114 59 8 95 62 56 102 41 98 48 63 38 29 111 57 65 44 107 46
44 32 92 31 97 20 36 65 4 7 64 79 94 58 44 88 102 62 25 5 44 18 95 92 54 94 37 41 13 91 15 5 101 7 88 16 106 76 56 114 14 64 68 109 16 6 108 39 85 62 46 23 38 24 61 98 45 7 114 24 117 2 73 22 42 94 59 84 9 71 79 107 21 112 57 37 45 27 120 80 4 98 58 120 109 105 87 18 57 96 0 54 59 53 1 8 41 27 19 2 66 120 66 40 96 89 73 37 27 92 74 48 69 17 26 84 107 96 84 106
6 37 23 86 35 4 101 98 68 115 66 4 64 7 63 4 15 91 21 57 62 120 50 15 33 35 85 92 48 98 56 11 71 107 86 105 89 25 31 66 29 59 63 15 10 88 80 42 90 52 105 32 50 102 42 72 104 111 85 66 118 78 29 18 118 10 74 77 97 73 6 4 50 118 94 98 43 94 88 68 8 37 115 39 75 52 76 9 109 25 42 0 104 82 67 32 117 61 60 91 83 118 81 54 73 68 107 91 107 102 15 16 63 29 98 35 60 29 24 83
84 36 10 18 41 117 102 65 82 7 75 113 94 71 4 43 69 92 18 46 117 35 8 75 43 85 75 97 20 28 65 1 45 72 120 9 16 48 51 61 27 16 107 64 120 19 73 31 33 9 35 95 101 98 65 52 117 62 91 101 30 41 13 26 69 53 4 7 60 6 90 29 72 2 83 96 107 117 33 112 11 113 119 88 94 97 89 31 61 114 80 52 0 85 31 96 13 9 22 91 71 42 87 29 103 82 112 117 22 10 58 104 97 14 16 1 10 50 118 113
6 115 30 26 26 90 44 88 12 98 4 78 117 102 63 103 107 86 13 49 98 23 46 51 20 100 26 62 44 97 66 32 48 112 110 52 69 53 69 105 77 20 43 81 2 106 81 56 120 38 40 32 25 16 116 37 66 69 4 15 46 97 40 51 30 110 77 77 93 42 63 63 38 10 15 80 96 10 83 44 17 4 68 64 76 45 18 20 32 99 64 27 22 0 26 15 77 20 28 6 97 113 49 26 100 62 32 29 64 111 24 95 57 85 5 48 86 45 52 20
81 10 83 90 1 96 60 18 81 69 75 107 107 4 54 77 108 25 97 72 56 14 95 111 83 14 40 20 35 114 4 67 27 109 40 117 81 94 112 70 100 19 52 98 34 82 68 13 80 102 69 80 111 1 64 101 43 48 89 32 71 67 50 8 59 33 71 22 59 13 33 24 52 26 81 21 104 74 114 52 48 114 3 37 83 11 93 1 39 79 49 34 8 72 0 91 119 30 10 54 51 77 54 52 36 116 88 57 41 104 61 19 55 107 74 15 73 58 53 93
104 4 1 40 61 55 106 113 79 68 56 3 35 99 18 33 119 106 76 111 45 120 40 119 35 14 63 21 53 105 95 13 110 54 60 60 61 108 73 77 93 26 72 3 57 38 120 56 35 107 23 19 25 18 28 101 84 101 85 40 25 9 49 117 47 104 64 44 71 116 107 11 57 98 111 49 29 102 47 103 71 3 111 108 102 13 61 53 112 109 72 61 64 83 50 0 38 81 50 5 64 49 92 91 17 93 2 21 118 55 75 54 93 97 64 35 73 74 118 73
95 55 15 93 33 92 72 58 77 8 36 119 94 36 102 39 50 118 19 7 45 88 48 7 31 24 87 62 98 51 36 41 85 102 52 35 28 116 2 35 64 30 70 53 50 40 83 10 55 68 77 73 6 37 96 102 88 93 59 19 90 24 25 8 90 75 2 59 115 69 35 84 48 91 3 37 97 120 67 108 113 25 50 117 54 57 38 14 48 60 68 9 55 94 21 85 0 106 54 61 107 93 88 59 53 7 66 46 55 25 34 77 29 35 90 44 60 64 18 112
38 23 30 100 48 52 100 21 117 107 107 77 117 56 5 94 14 13 109 10 63 30 69 102 73 42 65 50 113 90 41 61 5 33 7 18 46 16 25 28 105 44 94 52 114 78 78 74 10 96 117 12 13 14 26 115 113 74 88 3 44 97 24 69 113 57 76 114 41 51 87 120 20 43 38 61 3 17 107 65 105 4 111 55 87 55 50 36 114 77 2 8 50 15 98 2 77 0 20 65 117 109 82 62 14 2 104 90 21 82 50 57 25 112 112 108 54 63 105 77
11 49 20 50 81 115 48 94 32 13 32 57 117 36 110 20 65 109 6 115 9 83 8 112 67 18 39 16 114 9 114 49 22 114 38 43 106 9 21 77 112 21 71 95 5 7 67 38 9 92 115 36 31 5 69 68 60 112 109 85 64 109 18 103 24 26 72 95 19 14 15 71 114 12 63 83 80 79 24 49 16 101 58 36 85 1 100 20 94 89 110 65 23 5 12 4 25 39 0 34 3 63 44 50 27 39 102 96 1 77 88 115 68 26 14 54 99 91 25 18
2 18 41 101 116 71 78 26 6 1 71 58 114 16 71 103 106 34 82 75 111 95 52 62 13 77 45 29 35 26 96 114 79 38 10 20 92 10 15 99 34 120 33 44 102 113 116 65 66 107 100 111 27 54 52 10 93 12 55 20 1 75 92 91 67 68 91 112 93 48 79 109 60 86 56 2 3 19 4 95 42 41 102 73 76 49 109 45 103 43 46 54 45 71 62 30 106 91 25 0 90 74 19 82 66 112 28 93 21 89 83 85 103 107 9 62 2 41 45 58
5 20 46 75 77 79 45 20 45 71 102 15 103 20 93 10 20 109 26 77 68 50 22 106 48 41 51 3 65 102 116 90 38 102 3 104 8 62 74 60 19 103 46 61 54 77 57 107 20 13 115 93 53 53 69 79 113 50 103 73 8 19 61 104 52 69 26 42 98 20 119 101 82 87 81 63 67 78 59 20 1 96 81 77 32 53 17 3 25 40 67 73 95 51 115 31 34 47 111 45 0 6 3 29 81 66 41 32 12 15 95 8 75 41 58 37 18 98 1 84
81 10 87 32 111 62 45 88 81 113 64 10 56 74 54 71 78 103 2 108 33 9 103 51 115 55 19 16 40 65 17 23 60 72 78 5 61 107 50 97 16 62 52 6 10 60 63 21 94 75 82 72 6 31 98 119 69 5 112 38 55 42 85 21 20 70 119 55 25 114 22 87 22 84 40 83 94 108 8 17 53 17 39 75 107 16 118 99 18 1 54 71 44 66 48 88 74 73 22 86 99 0 115 91 97 39 76 87 71 97 17 23 80 112 39 67 24 51 68 101
82 46 59 91 69 49 11 69 26 75 107 13 58 31 101 108 76 18 93 10 51 7 97 66 60 82 16 86 29 111 67 19 116 54 75 35 111 27 55 26 72 38 30 13 56 34 50 64 19 115 103 1 104 88 22 102 4 66 2 74 26 98 64 44 71 120 56 65 89 97 48 78 50 65 8 83 93 15 59 110 81 29 12 18 28 107 84 60 12 110 109 76 90 28 54 109 40 90 23 106 53 72 0 32 82 36 101 41 28 62 67 34 17 50 91 64 87 27 56 90
110 84 73 64 40 39 27 98 58 119 64 24 70 67 45 117 65 38 100 9 23 42 89 93 103 35 60 87 107 27 16 12 13 18 107 114 6 5 64 69 55 120 48 106 84 18 12 13 105 7 120 46 77 57 19 5 98 11 7 62 51 56 65 35 109 59 88 42 54 46 81 95 1 28 62 22 79 86 30 21 88 35 95 71 31 15 2 42 107 60 109 35 108 47 27 104 37 114 11 92 96 117 89 0 103 78 50 65 23 20 108 115 76 106 8 43 51 34 105 103
58 13 104 13 89 109 24 25 22 105 57 98 29 86 10 110 112 99 65 14 94 86 89 72 117 38 65 34 84 117 117 57 119 92 52 21 73 57 12 104 48 107 44 22 50 116 106 73 112 5 2 60 3 20 5 60 56 12 38 48 118 28 110 42 52 8 26 83 118 34 59 118 92 10 6 62 40 60 15 106 20 90 35 72 105 102 104 104 67 117 49 72 85 95 115 22 84 32 49 112 22 49 118 8 0 85 67 44 113 110 100 61 35 22 41 12 89 4 116 27
105 23 120 43 26 55 118 34 86 94 91 94 3 68 3 94 50 57 89 24 97 47 90 18 97 18 49 77 92 66 80 35 58 2 44 98 36 8 42 83 62 86 53 81 9 105 41 6 78 85 59 20 6 6 53 69 14 73 9 90 21 107 29 75 93 17 97 74 6 21 12 116 75 72 34 12 11 22 120 95 13 61 60 116 34 87 54 49 85 35 9 58 74 60 39 46 57 41 18 47 116 85 91 111 41 0 42 35 11 36 64 69 52 10 54 2 106 21 107 73
40 12 90 54 115 108 108 43 115 94 4 7 6 74 90 56 109 66 18 23 105 59 106 57 70 108 53 17 109 2 6 45 60 82 104 70 53 48 1 81 65 69 1 83 84 86 28 52 43 96 89 56 104 37 89 58 90 60 8 67 29 84 6 23 96 120 49 120 79 87 116 1 50 37 5 37 105 59 110 74 19 26 93 37 36 81 17 72 3 1 66 72 44 43 4 62 67 41 1 116 37 27 44 82 27 55 0 78 45 31 111 30 39 64 97 100 102 6 118 75
116 35 43 54 92 41 29 59 54 97 100 96 24 1 86 1 56 78 34 100 25 75 36 64 109 24 12 5 56 87 94 95 29 31 86 74 115 28 65 26 95 100 5 108 101 23 120 49 93 120 101 26 109 44 32 24 77 8 41 79 28 70 92 114 95 86 120 108 40 66 108 35 106 59 63 93 97 67 31 21 31 5 62 86 44 54 2 104 90 10 107 23 103 24 93 116 114 119 11 92 14 9 120 28 19 2 33 0 96 47 105 37 96 14 71 38 117 1 60 83
44 70 100 49 50 104 23 49 47 39 5 4 88 81 43 33 93 77 3 48 16 23 9 103 75 38 2 18 73 60 96 32 99 32 26 20 35 29 97 16 10 74 20 78 70 91 3 102 66 63 79 104 30 96 88 9 69 48 40 111 68 41 99 114 23 11 5 57 96 88 60 109 81 81 103 35 113 71 16 1 17 103 52 59 9 70 59 36 80 59 14 77 84 96 31 16 67 94 32 70 31 62 72 40 120 72 11 116 0 49 84 8 76 76 78 3 56 59 10 105
80 51 99 82 15 44 101 10 58 35 42 99 21 97 116 38 32 11 7 87 3 85 109 17 50 3 89 120 4 23 48 59 111 14 34 34 9 13 58 1 70 39 46 114 56 108 39 83 57 109 21 40 43 47 65 97 43 84 92 62 116 82 102 9 109 41 26 41 69 58 38 89 90 98 51 56 118 114 43 107 34 64 84 10 51 68 69 115 42 6 118 38 18 60 79 35 68 22 20 32 4 88 114 7 116 61 45 99 61 0 37 28 6 8 72 8 66 22 46 13
7 110 86 73 94 54 72 90 98 74 57 77 80 114 9 11 118 52 47 117 76 9 114 9 91 4 65 1 93 15 92 96 119 55 49 20 18 94 109 50 39 16 20 65 47 53 57 104 18 35 18 18 108 61 49 9 80 55 15 55 90 94 52 72 4 4 14 39 103 64 115 88 58 9 51 43 88 65 108 117 81 1 68 97 60 120 81 70 86 78 16 26 84 47 120 54 68 79 1 46 10 95 38 119 87 26 86 117 3 88 0 38 35 73 52 62 104 63 97 8
12 75 59 55 79 50 95 103 7 83 50 46 4 120 62 48 117 3 54 49 49 17 20 102 20 106 53 4 31 72 15 37 74 38 6 39 36 68 9 55 104 50 23 94 26 67 81 4 12 21 46 40 10 97 38 62 76 90 42 120 10 87 107 98 103 29 57 25 70 50 86 99 31 103 99 93 76 105 112 98 64 82 110 72 83 86 38 94 51 1 56 86 78 79 45 13 57 43 20 120 30 13 111 92 19 74 54 75 116 47 12 0 97 83 20 4 56 93 6 44
78 81 51 79 20 85 4 96 83 85 45 3 3 11 44 82 8 43 40 27 3 26 98 12 72 9 55 54 22 83 50 110 72 71 96 9 32 118 92 102 109 110 6 66 80 2 113 36 85 53 111 26 53 27 55 52 1 88 84 101 113 64 1 93 90 104 105 9 41 62 115 21 30 112 30 82 4 6 21 43 12 36 97 53 25 27 68 77 8 99 76 79 11 52 102 13 48 93 111 118 24 97 96 34 22 76 31 120 13 114 77 20 0 22 48 62 94 57 64 79
47 47 116 107 20 34 30 46 10 120 26 110 43 60 9 54 35 98 48 2 36 76 39 90 88 113 96 69 87 105 14 103 17 101 70 35 74 11 25 45 20 109 115 54 98 37 18 64 89 51 14 18 42 98 50 4 100 59 85 90 30 103 30 5 91 4 53 86 51 44 30 115 77 71 81 12 119 115 100 86 35 41 35 74 28 119 119 91 46 40 43 53 22 37 59 69 37 9 37 63 26 80 12 108 48 10 17 57 62 44 56 113 35 0 15 114 38 14 17 24
56 55 110 119 101 68 28 89 80 108 63 118 23 116 35 32 44 63 60 35 105 18 24 10 117 22 12 25 24 28 80 94 40 51 25 18 11 57 46 110 90 15 95 14 36 12 107 38 100 105 41 48 99 82 71 107 60 4 9 47 64 44 48 1 84 48 44 69 62 110 105 81 18 68 22 108 106 103 108 96 92 89 51 117 101 118 56 89 63 75 56 6 64 31 37 119 50 119 21 12 26 91 41 69 104 85 117 91 119 2 18 108 64 51 0 55 45 101 10 106
117 103 27 21 67 47 74 12 60 88 105 4 59 81 25 35 38 100 69 107 120 117 119 106 34 76 74 108 74 96 67 43 97 43 31 23 65 95 95 25 88 75 34 93 66 78 51 119 41 66 74 10 84 103 10 120 27 104 118 103 62 53 109 93 35 109 33 113 8 82 24 4 17 100 31 3 11 56 41 58 105 33 111 15 80 30 80 98 53 107 20 44 44 56 48 77 42 118 36 111 40 46 8 92 63 16 71 7 65 59 90 53 62 29 19 0 15 116 54 34
83 15 35 15 65 59 48 35 33 35 50 62 21 82 34 24 94 101 76 21 105 41 50 37 55 21 6 101 74 97 31 22 79 7 36 82 89 50 32 112 38 36 106 85 115 97 39 31 63 120 2 50 93 14 105 107 58 91 29 64 104 42 83 118 20 87 38 102 9 47 102 39 66 104 120 39 1 73 35 46 32 61 3 66 55 27 99 6 53 38 21 28 102 14 65 91 62 43 83 94 104 9 106 111 12 67 62 74 92 100 68 22 3 43 48 113 0 25 96 55
30 92 95 33 42 103 34 74 106 22 72 83 80 82 6 51 111 28 108 40 18 45 37 3 34 13 92 61 3 80 113 116 54 102 33 68 36 77 45 24 39 16 32 60 23 59 69 41 53 118 23 106 96 90 52 110 82 75 52 23 14 60 82 5 10 19 85 14 52 20 22 22 72 74 36 52 60 101 62 58 98 18 105 92 30 34 92 7 107 89 30 72 93 41 90 90 21 47 67 71 41 19 34 10 120 12 21 76 114 70 111 115 83 83 15 66 73 0 78 98
57 89 76 56 17 65 100 84 58 38 82 35 16 29 34 7 118 7 100 41 23 118 55 79 28 86 27 113 19 89 103 101 109 120 70 19 116 99 4 11 46 80 79 35 70 103 95 92 2 63 20 101 23 114 29 107 71 55 48 17 61 97 15 109 37 85 1 118 115 92 113 99 119 24 80 40 110 93 8 31 93 12 115 36 41 17 96 86 53 24 15 68 107 74 96 30 36 60 51 34 49 115 36 81 68 47 57 114 16 69 111 83 63 15 13 108 95 32 0 17
64 95 101 52 94 92 85 85 84 18 74 112 89 5 64 87 76 30 89 73 119 15 45 71 105 37 57 39 31 55 40 84 108 87 40 107 100 116 42 88 98 75 34 14 87 58 22 116 7 39 66 95 97 69 66 79 32 115 40 58 55 80 65 95 52 86 92 97 29 70 102 41 24 95 60 10 8 57 17 39 76 57 90 90 6 27 36 85 66 3 53 49 96 41 98 108 27 104 103 62 35 15 117 117 5 76 30 67 67 79 6 108 94 26 91 35 27 78 108 0