17
0 79 47 45 87 49 53 106 112 60 22 120 105 114 85 90 43
11 0 41 49 114 93 33 8 62 68 52 40 45 83 58 49 101
12 73 0 49 100 55 92 96 55 10 13 28 111 96 120 109 52
93 29 96 0 120 84 114 75 34 48 68 116 78 58 82 45 54
101 40 96 29 0 86 27 93 20 113 50 5 108 90 8 27 67
100 98 120 84 76 0 51 30 120 49 44 102 63 40 41 14 111
102 7 80 5 78 112 0 42 17 76 13 11 106 31 96 93 78
110 5 74 111 28 74 117 0 75 93 94 31 27 105 78 21 89
81 63 61 85 86 97 52 107 0 5 43 66 34 82 28 87 21
95 91 90 119 6 16 101 45 20 0 76 8 16 61 42 60 94
53 57 33 55 16 118 34 18 64 92 0 108 113 90 107 80 40
97 99 71 40 44 52 85 66 52 93 75 0 19 87 49 99 86
119 56 48 111 23 79 85 81 97 115 95 18 0 60 75 5 30
93 62 72 83 15 37 7 64 25 32 20 54 27 0 32 108 99
11 40 24 37 98 21 26 55 15 10 66 26 103 108 0 21 9
79 78 32 101 106 106 106 53 112 63 18 76 69 44 46 0 112
7 39 5 48 64 106 6 116 115 94 28 78 38 7 103 45 0