29
0 22 86 17 30 62 87 46 45 118 26 46 77 37 116 58 80 51 52 53 58 41 41 15 26 64 77 85 41
1 0 29 107 106 91 117 59 1 98 39 51 30 61 60 94 38 114 65 70 72 43 43 45 17 7 112 108 57
15 63 0 36 46 90 101 109 84 90 4 22 23 14 73 112 83 58 76 5 41 103 1 68 65 21 13 2 118
37 62 12 0 18 83 97 50 4 96 66 68 74 67 88 116 114 69 66 93 2 72 47 57 5 36 104 54 99
72 78 55 14 0 39 120 39 73 55 82 7 64 80 100 101 17 76 87 31 8 19 88 5 108 74 57 102 5
77 63 107 75 94 0 101 1 75 6 49 58 10 108 119 49 20 3 112 55 38 58 95 96 32 81 62 81 87
17 8 24 15 57 43 0 88 111 114 6 97 8 111 60 63 91 35 91 120 29 29 119 43 67 31 54 66 120
61 48 51 39 15 26 25 0 60 102 30 99 109 5 69 31 79 104 74 73 3 24 118 26 24 105 41 82 109
110 53 108 93 42 53 103 17 0 53 109 22 108 29 85 1 70 66 75 52 30 33 92 78 83 51 76 81 120
95 99 70 111 31 19 61 43 74 0 47 115 102 88 43 81 48 52 28 98 119 18 79 8 52 107 116 79 35
23 23 88 30 71 88 63 24 78 38 0 66 50 41 99 38 33 83 32 80 89 24 92 31 14 111 91 49 88
114 117 24 115 67 18 55 82 7 13 14 0 37 66 29 20 54 42 72 60 110 50 27 37 8 3 26 119 57
16 64 99 63 96 120 120 36 100 47 115 93 0 29 84 112 73 57 65 36 17 11 78 71 2 17 24 74 26
52 114 67 101 80 90 68 69 31 101 37 32 3 0 2 97 120 110 85 102 107 14 85 53 75 72 76 9 20
65 104 11 35 111 92 2 87 31 81 94 61 36 41 0 106 59 118 27 90 32 114 20 94 14 28 21 62 110
101 57 24 12 105 47 24 87 97 9 19 96 119 35 82 0 45 72 79 73 115 19 25 24 58 32 37 12 61
52 51 86 80 6 34 107 30 119 32 65 94 70 37 81 85 0 79 6 21 9 28 54 57 116 102 45 108 58
2 96 34 56 73 65 44 82 53 70 63 17 105 33 37 83 29 0 33 96 83 118 12 25 21 95 28 118 38
57 2 83 96 109 37 44 110 108 59 94 110 83 8 55 17 16 114 0 34 12 39 21 18 111 29 100 89 41
72 57 87 59 14 99 109 16 18 106 54 97 5 96 3 17 17 44 7 0 64 91 47 25 5 12 75 96 97
13 33 42 88 105 92 3 18 109 70 109 48 38 116 48 80 47 101 104 80 0 95 25 5 77 2 55 20 91
98 79 54 35 63 105 77 92 56 113 108 13 66 29 113 15 63 10 64 118 12 0 4 119 2 27 44 92 10
117 19 22 8 113 3 57 74 60 41 60 20 26 8 114 3 118 78 59 79 71 23 0 60 102 40 27 100 99
99 4 54 116 21 35 95 92 34 6 59 70 47 80 73 7 20 27 33 79 91 108 51 0 38 1 45 9 78
25 112 82 96 11 7 33 98 41 90 89 111 14 105 3 64 48 113 113 86 111 80 59 104 0 60 76 9 65
97 102 70 21 25 89 73 30 68 47 35 47 100 46 107 17 115 8 63 59 4 90 36 3 115 0 55 90 51
50 99 21 67 48 6 101 111 14 5 29 24 41 40 116 108 17 37 34 7 106 107 1 25 75 14 0 81 86
36 27 67 24 119 40 114 83 2 55 41 66 31 80 87 117 72 41 26 103 40 69 86 50 50 17 14 0 57
34 114 119 14 25 10 70 110 98 17 81 10 49 111 100 47 38 50 9 21 51 7 71 7 41 9 75 29 0