52
0 68 72 21 4 4 72 107 110 89 43 19 51 109 57 85 82 71 42 73 96 73 114 6 22 114 61 77 109 46 73 20 71 103 80 63 4 63 65 91 38 112 101 63 2 17 78 111 16 32 93 33
20 0 110 5 15 31 29 6 63 99 39 46 50 54 51 85 12 99 112 114 61 53 83 23 75 37 118 12 2 37 90 26 70 107 26 101 29 5 111 20 111 108 110 38 96 114 70 8 82 58 51 40
54 31 0 31 2 23 40 90 36 85 12 99 17 32 53 61 99 7 20 91 32 108 9 100 85 107 48 5 59 106 32 12 50 103 18 36 8 11 66 57 108 69 32 110 97 84 64 80 10 40 23 56
105 63 87 0 45 41 76 110 47 99 43 90 27 54 101 5 12 113 44 89 93 50 20 99 76 26 50 87 23 88 10 15 114 2 102 18 91 91 55 8 104 21 40 60 50 67 42 110 74 83 70 105
105 27 32 69 0 111 63 32 105 100 58 17 109 44 75 89 95 77 75 15 76 103 62 68 98 106 4 29 26 63 96 116 63 19 83 20 120 110 59 87 96 74 47 10 35 29 113 80 26 79 11 84
4 103 84 109 76 0 21 103 97 67 60 113 38 107 66 100 68 73 25 5 113 103 28 83 107 99 5 73 87 85 46 46 106 60 94 78 76 111 76 84 42 15 24 29 38 48 3 33 74 113 53 55
37 5 76 6 35 75 0 85 16 39 18 75 61 62 6 120 66 117 84 58 49 32 21 21 115 62 6 54 38 89 101 67 23 33 31 25 92 85 49 45 110 105 68 38 45 50 35 101 118 106 94 3
59 17 36 76 87 108 36 0 76 3 84 79 61 14 12 25 6 54 29 37 14 69 23 12 120 92 24 96 100 41 20 88 47 60 19 34 106 21 40 98 52 32 109 90 18 64 74 32 115 107 90 16
15 30 61 74 69 61 41 114 0 68 106 45 110 14 35 100 14 118 111 1 85 81 67 59 102 29 34 36 101 63 115 16 51 46 63 77 5 35 50 44 81 70 27 98 3 85 83 82 57 50 60 12
1 42 35 57 75 84 71 45 88 0 39 11 9 25 61 43 72 10 40 112 43 120 102 25 106 16 114 21 22 2 88 48 104 90 16 37 26 88 32 4 23 37 4 111 85 79 57 50 24 9 50 16
112 1 97 100 64 86 110 16 88 36 0 117 40 38 117 51 6 50 49 74 98 80 110 23 109 71 56 81 44 98 78 6 107 97 72 57 56 28 44 93 84 72 12 63 101 48 103 4 9 47 44 53
17 52 41 120 85 34 32 29 52 93 119 0 112 56 66 120 9 120 91 13 62 96 38 38 41 45 71 104 102 5 105 114 15 9 116 69 45 19 16 98 71 111 86 73 60 64 9 14 3 63 47 60
56 87 74 61 93 32 63 117 80 16 22 110 0 107 61 10 82 97 63 64 24 61 67 46 118 102 61 98 51 10 42 37 37 92 100 109 119 110 99 45 14 52 100 30 102 107 61 65 39 36 16 104
31 85 93 103 116 75 94 51 38 61 63 13 38 0 8 23 81 4 1 98 44 73 94 106 83 102 21 79 51 30 120 46 97 63 78 109 19 60 89 72 83 21 95 51 86 106 58 100 14 39 63 1
16 73 75 91 73 70 38 65 104 30 102 51 68 88 0 31 10 45 98 69 66 7 94 23 93 110 53 3 93 108 93 25 31 115 19 84 72 22 82 1 8 33 84 10 42 99 53 116 86 48 49 39
116 104 75 49 37 90 3 116 6 93 63 97 60 77 78 0 28 90 65 13 5 18 95 97 1 55 86 8 55 93 37 47 26 48 18 72 65 33 27 17 99 64 90 39 45 89 102 53 20 80 69 47
117 58 90 72 107 83 15 103 120 32 36 83 48 19 10 71 0 34 61 17 22 33 98 87 96 10 111 7 92 42 103 103 62 69 84 61 42 30 82 18 84 37 30 47 1 97 94 45 2 67 108 37
109 30 94 103 21 75 32 111 11 24 64 104 70 113 80 47 34 0 105 102 63 95 26 116 41 92 58 28 32 73 9 111 25 96 24 81 40 38 112 107 12 82 47 34 98 99 120 47 58 6 56 36
68 10 113 58 111 101 7 55 46 25 88 60 75 92 22 44 45 69 0 59 18 96 54 43 71 1 37 19 102 46 27 6 90 103 103 71 59 91 19 82 109 111 51 33 33 15 100 114 118 110 73 64
110 54 97 1 106 38 117 59 110 19 3 35 45 22 114 64 97 26 90 0 46 66 92 27 118 26 37 79 105 20 59 83 96 110 68 26 2 44 94 40 58 83 89 2 31 15 29 49 25 96 77 105
110 35 55 47 82 89 23 34 65 38 78 18 58 31 35 49 101 115 18 28 0 94 82 60 53 75 51 81 115 78 11 8 21 35 52 17 116 38 24 120 116 54 83 101 51 56 66 99 90 2 76 53
14 77 75 24 111 30 44 47 50 113 32 76 27 57 115 13 118 92 84 100 87 0 21 96 56 22 18 48 76 35 2 98 73 7 110 114 63 120 58 29 7 109 104 100 109 94 31 59 85 38 63 15
20 3 88 88 52 104 11 13 24 57 74 21 91 19 120 4 58 32 13 52 8 120 0 17 21 6 94 26 74 79 109 76 114 61 57 16 99 74 93 77 24 60 93 37 81 101 43 75 11 3 94 8
100 67 120 62 77 76 18 75 37 9 111 54 69 97 111 63 96 86 37 25 37 98 23 0 84 56 111 101 59 49 31 72 95 46 21 51 17 99 46 94 113 94 43 56 39 1 80 109 73 23 21 113
20 42 88 84 115 48 62 11 10 66 69 26 94 20 30 32 27 57 59 75 2 87 117 70 0 15 44 43 54 86 114 93 63 19 4 62 7 29 13 70 57 97 87 80 4 95 43 95 79 54 96 114
64 42 26 97 101 16 77 29 35 69 53 82 46 88 20 18 46 78 53 101 83 21 8 12 103 0 117 65 88 44 80 82 112 86 27 89 80 86 37 38 27 110 88 79 74 96 101 111 1 107 84 32
58 97 106 44 38 41 73 17 30 31 28 4 65 5 68 44 78 119 114 11 31 113 56 44 44 49 0 34 11 26 68 10 75 25 89 67 96 117 26 64 75 116 54 49 117 91 50 115 9 64 27 55
59 39 92 63 89 93 116 111 89 76 12 77 110 96 4 70 9 88 110 85 59 11 35 77 75 115 64 0 13 101 109 112 115 19 113 22 54 29 9 5 65 36 43 75 100 66 26 36 30 1 6 34
8 113 40 17 56 32 33 83 4 26 71 49 7 41 11 82 102 29 30 37 118 28 45 6 22 41 65 24 0 68 88 73 94 37 47 33 92 9 78 6 42 48 96 14 31 50 94 56 58 29 23 63
59 8 14 27 54 7 88 103 53 68 98 67 105 78 27 42 89 63 117 83 83 90 28 12 23 102 58 81 106 0 109 94 49 9 26 40 19 92 95 92 52 94 79 87 67 58 5 73 94 26 106 81
2 79 8 1 113 50 31 65 92 27 67 17 34 119 61 62 18 88 75 42 73 100 43 75 3 19 31 19 43 102 0 20 47 47 38 70 11 57 40 16 58 60 69 110 25 31 98 25 80 41 77 9
98 2 110 119 76 53 33 76 102 22 32 88 62 100 120 94 98 69 85 64 36 29 7 57 35 33 50 49 52 95 19 0 59 10 41 56 88 61 12 44 92 50 18 97 82 53 58 19 82 18 53 55
116 18 87 50 118 87 67 57 16 53 46 30 102 91 9 3 94 87 61 2 70 41 52 42 27 101 30 22 67 113 10 43 0 106 20 41 97 35 89 66 45 95 93 45 41 45 43 101 115 64 77 63
4 46 20 85 7 108 43 52 66 79 63 120 12 42 58 84 3 101 35 75 117 59 20 97 14 40 100 52 92 99 95 46 37 0 69 109 23 90 70 61 3 57 96 90 97 6 40 27 68 53 1 59
60 66 40 102 108 38 42 32 116 32 17 5 9 79 94 54 86 94 2 99 111 15 19 102 22 9 96 120 52 82 91 82 28 28 0 17 79 38 64 2 34 16 47 92 29 58 30 50 14 72 106 18
73 57 100 50 39 26 85 117 14 3 53 96 109 102 40 34 38 69 9 119 57 64 32 94 74 68 88 88 80 66 79 68 41 64 108 0 120 92 49 98 95 102 26 19 39 29 113 81 82 3 39 61
87 6 104 44 42 31 25 120 2 65 5 38 66 7 72 21 24 62 45 50 50 77 33 19 30 40 70 22 54 100 93 55 92 97 73 102 0 99 78 119 70 115 2 100 72 41 9 63 25 41 119 25
89 71 82 88 32 90 71 21 101 61 118 80 16 26 79 34 32 12 21 110 59 35 95 45 91 37 32 48 83 57 112 54 55 82 67 18 25 0 105 39 41 25 12 106 15 78 38 14 15 55 107 49
82 34 55 66 92 63 96 40 26 89 79 28 6 99 76 62 85 55 18 31 85 80 60 58 51 8 54 38 2 49 26 62 110 117 83 32 19 73 0 56 46 34 102 63 13 4 90 39 101 31 65 119
64 81 49 65 2 41 73 64 75 17 88 69 15 29 48 75 6 11 35 106 55 109 31 20 119 110 71 8 84 25 85 22 74 104 5 25 38 6 82 0 14 50 37 45 46 6 30 85 114 44 17 104
35 24 36 56 36 6 94 80 16 26 16 96 120 119 13 74 39 48 105 32 90 116 85 21 116 86 89 1 2 63 78 76 40 20 69 79 115 51 5 55 0 44 10 90 91 74 10 10 101 5 111 41
120 118 85 37 3 53 83 79 28 48 82 108 103 40 85 32 13 67 112 89 30 59 20 87 57 103 111 119 32 75 1 89 36 100 56 112 14 113 10 109 3 0 87 71 2 36 70 51 69 98 108 19
61 55 3 75 82 89 17 21 11 77 45 82 59 117 87 76 46 93 17 81 103 110 16 29 86 31 88 27 42 108 109 81 79 14 110 72 51 87 11 93 65 88 0 97 42 10 65 16 63 117 73 48
41 109 102 106 29 1 117 84 69 82 23 82 31 65 78 112 3 65 83 35 63 80 76 46 98 77 89 41 105 115 78 2 7 83 4 56 40 7 67 18 119 37 75 0 85 66 13 42 82 55 5 14
64 55 109 116 73 51 3 71 53 41 90 60 112 4 85 7 96 35 99 62 109 96 6 117 115 119 118 71 40 71 94 43 91 77 85 85 9 65 24 82 62 18 55 101 0 69 109 8 104 76 31 90
38 63 64 24 109 26 87 59 98 47 68 34 108 103 39 11 19 112 62 109 26 100 7 18 57 110 52 1 71 81 66 23 63 95 108 1 59 5 97 117 1 1 6 28 40 0 39 59 115 29 80 108
44 117 117 95 12 49 89 108 58 32 83 113 7 119 45 69 40 52 92 11 20 110 91 75 32 19 9 103 72 84 82 72 58 44 93 84 111 2 37 106 40 1 107 113 54 106 0 6 53 10 16 21
58 110 69 49 78 48 43 107 118 5 93 3 41 57 87 66 79 75 1 43 53 58 90 30 91 25 94 70 19 79 96 23 113 107 60 115 72 68 13 118 35 78 57 98 29 105 69 0 116 80 46 69
8 24 79 109 13 49 8 27 82 10 15 113 22 49 12 48 68 14 86 74 79 38 47 44 37 61 8 64 57 67 30 102 46 114 81 42 115 40 25 54 34 1 20 3 44 13 114 29 0 93 90 116
39 89 1 27 72 70 17 4 87 96 58 74 67 20 26 7 2 33 53 47 101 37 15 65 30 110 62 29 39 37 5 82 48 14 2 23 31 70 92 99 33 46 79 112 60 49 52 70 45 0 64 50
118 68 91 34 21 10 3 20 76 35 81 48 107 2 27 80 27 34 10 59 58 93 60 92 103 36 92 40 56 31 89 12 11 28 80 109 100 69 74 28 8 50 1 36 18 119 70 89 70 81 0 23
8 67 102 1 32 61 54 22 64 80 4 52 83 19 44 27 19 38 115 110 31 79 90 108 3 77 38 91 77 25 4 50 62 61 81 54 53 27 100 93 70 70 21 37 78 103 28 65 21 17 58 0
